0.9336539288383815
0.9198656557595105
0.9363146601832107
0.9146472270777054
0.9264074561606593
0.9222790565501562
0.9359270910436713
0.931357362724655
0.9091413951089867
0.9267790039165872
0.934051589904652
0.9004859825443003
0.921362317115902
0.920841020757699
0.9142895907237782
0.9156856906534326
0.9110161632220457
0.9011962592115264
0.9223815976468256
0.9270701058201057
0.9300597599026919
0.9393541106575061
0.9293711377680843
0.9215429047266575
0.9399419741990059
0.9370656268237042
0.9230993281037962
0.8911044973544975
0.9085951134380453
0.9281190292019543
0.9341401139062159
0.9059178169125813
0.9034421824535395
0.9282077224724079
0.9176705497460214
0.933710654354086
0.9325469204335185
0.9328362155587286
0.9332730368868482
0.49868073878627966
0.9390699242008711
0.9291342489679264
0.9238557879779254
0.9250628140703517
0.924316067212887
0.940867083175313
0.9183958499600958
0.929444224160719
0.9372757013978387
0.9217953886109661
0.9256622779187816
0.9091113462047077
0.9204653072577601
0.9160505390701289
0.919825767147119
0.9212286138036971
0.9186101069910984
0.8879700142789149
0.9409125055677067
0.9274955846458126
0.8944432695357936
0.9359631690514043
0.9290109381712435
0.9086772486772486
0.9425249740507877
0.9320021158423697
0.920882897171557
0.9365674603174604
0.9099158346453031
0.9156248341030949
0.9188623882313289
0.9276331012779574
0.5056631251448053
0.9247619047619047
0.9130969182552462
0.9190071718941072
0.9308617168019523
0.906819340781605
0.9297970113726526
0.9131448566911633
0.9452440033085194
0.907786722715736
0.9071012188659248
0.9412758135584223
0.9187469019530088
0.9302273328046524
0.9322627544277029
0.9290234065062153
0.9283788338388944
0.886372652737371
0.9087047146401984
0.9250800087462978
0.9149703923019985
0.9114285714285715
0.9386912956001482
0.9362938574743649
0.9335580450084268
0.9345223931895092
0.930976364213198
0.9413337298833481
