0.9236722517314142
0.9255121042830541
0.903219806426327
0.8729739392976322
0.8828889315173605
0.9149104198470761
0.9297709368721583
0.9010359778903121
0.9158981071950388
0.9111225785963798
0.9186826220340443
0.9052929119280613
0.9072505735271756
0.9079592120142045
0.9038425901413671
0.8946799007444168
0.9076444091149974
0.8940352268596543
0.8986449416663913
0.9166005291005291
0.9016308371674864
0.9286932855388496
0.9026436667658042
0.9237535687850269
0.8929628846357195
0.9202146002440449
0.902671035646907
0.9186078042328043
0.9273295785075889
0.9104801761240802
0.8876052574134956
0.9134076365751759
0.9117779425001323
0.882066644183017
0.9100843063107215
0.9227584152517128
0.9133359767380387
0.9283079485959067
0.9061495749431823
0.902077092467316
0.8800430872119535
0.9223133005186833
0.9241135454875912
0.8851428193599578
0.9269545896403277
0.9135445151932506
0.9087822559191275
0.8824444885011896
0.9144972076269786
0.9138222718591603
0.9072546531302876
0.9087146257603809
0.9136737815983098
0.8996193626815998
0.9053559734615716
0.9118332538799724
0.9377944898593057
0.8978132106404358
0.9293050837316599
0.9022503423139763
0.904396214444327
0.918614202437732
0.9339479858563828
0.9011640211640211
0.8889505940220948
0.879231684739487
0.9298109965635739
0.9154861111111111
0.9132007413459814
0.9037001645697298
0.8967003046584322
0.8830632631878194
0.9046139079204315
0.8875198412698412
0.9177715493536354
0.9150014872591467
0.9348506552071727
0.9157069345748592
0.8879992065591114
0.9219722576847007
0.9202514474772538
0.9082692206006768
0.9003245892951777
0.9364714391888304
0.8932619543306566
0.8945149352365847
0.8790576262225747
0.9158688177730759
0.8972124744741173
0.8800747156836815
0.9102894954507856
0.9276773941333546
0.8949620651369357
0.9083796296296296
0.928317096415524
0.9081695392609929
0.8891180066752585
0.9178068157783419
0.9364755181895094
0.9248570767654738
