0.934097117947836
0.925046554934823
0.9456611995721982
0.9318654324911276
0.9298438254496385
0.9321953250460953
0.9563716030453632
0.9472644225995432
0.9432026286386744
0.9414496665608131
0.9416979744369571
0.9234494842634223
0.9293321961958785
0.928743362363693
0.9304018637157834
0.9201588089330025
0.9396197668256493
0.9301576286309111
0.9279769970585319
0.9378306878306879
0.9373479559997886
0.9561950280460688
0.9203198836786624
0.9361385746008248
0.9272463519086392
0.9295486497957451
0.9180319729917584
0.9210945767195767
0.9349284732138137
0.9401085569593474
0.9380163649232357
0.9422265852239674
0.9256532270874146
0.9411060633113126
0.921256713709544
0.5
0.9451130055511497
0.9510120841927125
0.9485624929598929
0.9341691960772642
0.927815703041878
0.9183669418863131
0.9395360364826014
0.9277638190954773
0.9392610814635534
0.9366454420247909
0.9354815110401703
0.9184113137721386
0.9430752453653216
0.9171760694153488
0.9403619395093065
0.9360222163448823
0.9225779320118943
0.9289576648930163
0.9182746052640283
0.9366028391334287
0.9342391340263413
0.9231880321540008
0.9528822438356347
0.9278494744570933
0.9260071904409433
0.9463301536830948
0.9424638974257294
0.92989417989418
0.931669278116054
0.9393249140439037
0.935352233676976
0.9259193121693122
0.9164956123743664
0.9345636247810161
0.935787122398673
0.940072195005851
0.9351868401019428
0.9380357142857142
0.9445073912841818
0.94468387480583
0.9501200328929917
0.9399623833586099
0.9446641100238033
0.9503892787924089
0.9301538461538461
0.9201994765228426
0.9154544250132485
0.9411696395392047
0.9302270248835133
0.9394098598995506
0.9317671160454666
0.9232445120338535
0.9372872843104211
0.8985354403596931
0.9304880066170389
0.9256697212448898
0.9240443586761129
0.9248247354497354
0.9318148726637369
0.9527063210297704
0.9386338851987707
0.9451274323181048
0.9316340154399323
0.9610257427051321
