0.9149870681386718
0.9200285980313914
0.9392740655121332
0.8842828009958152
0.9199282959709478
0.9140446876424989
0.9307391350322513
0.9067024128686327
0.8849573904017665
0.9186514237324017
0.9347572571080234
0.9051243057392225
0.9167939335039039
0.9022920097076463
0.8894643140784668
0.8979619520264681
0.9239136195018547
0.8820197614090745
0.9160723138447301
0.9324603174603173
0.9121978951821883
0.9264164094394105
0.9184065298569116
0.9084870995030137
0.9192364121814529
0.918947954798663
0.9032237778439745
0.9245634920634921
0.9130771061399333
0.9215771832047442
0.9295064725454268
0.8705841133851606
0.9202758511145233
0.9395123693137858
0.9221739504758373
0.8910270413398205
0.9226738038593708
0.9400219472209002
0.9136137449394054
0.9292161802924197
0.9057235942136254
0.9018703027416112
0.9206371236905588
0.8779125892621
0.9184967696285571
0.8910557096948042
0.9223629954775205
0.8975878932064499
0.9026238392650605
0.8834530567469154
0.9082064297800339
0.9011438772811425
0.8925607793532322
0.824926762191355
0.9121096463086316
0.9181795910800361
0.9025250956575757
0.8946070654185838
0.9264065522766105
0.9212479411550698
0.8924011314370307
0.8826179120296767
0.9339810316909554
0.9385350529100529
0.9297949846949232
0.8875958741073791
0.9231958762886598
0.9075099206349206
0.8919069730365292
0.916042894303764
0.8876695942954196
0.9268992509437579
0.8758150465031609
0.9297519841269841
0.9230027630349652
0.8016591202035893
0.9201947052894052
0.8817360609813439
0.8938640571277439
0.9241220556036962
0.9419487179487179
0.9185239530456852
0.9187003179650239
0.8964869671391411
0.9146756551336704
0.9227894528152261
0.8966792228390167
0.9028530811954509
0.9082984727426527
0.9132273208145993
0.9281290322580644
0.9243080817116242
0.9189489267209474
0.9327050264550265
0.9389361730290675
0.9245720859199904
0.9330557483229238
0.9339407519035532
0.9149085236886634
0.9346849079673507
