0.8133512372913868
0.7319034317637669
0.8445697735440457
0.80885507706976
0.6626967065095881
0.8369713911853922
0.8361134609284127
0.8319663720914838
0.8129276661575994
0.8060760029639039
0.8048647968142273
0.7912787622322137
0.6975611046100346
0.8016743706231277
0.798293799968232
0.7953515301902399
0.8139871489136195
0.8151548197349724
0.8058961562613611
0.8274801587301588
0.820779787402824
0.7900892827508381
0.809140477842768
0.8090766099185788
0.7958126255683621
0.8064021964029924
0.8207592758084269
0.8375396825396826
0.8036847532920831
0.8130731139715848
0.8018613942597088
0.7874028240520387
0.6360790490813787
0.6577922378505632
0.6865699318529508
0.7738721742296362
0.7932725350251123
0.7181699190861494
0.8425533888590719
0.7934479999470972
0.8099668915748639
0.7797581242722558
0.8012293050460989
0.8064996032795556
0.8059264255625873
0.6747373533736535
0.8417198723064645
0.7858776103621465
0.6886024916559268
0.8120419505554418
0.8081442999153976
0.7959964295160011
0.692003814645324
0.7842723051475717
0.7546650614842205
0.8302412733725303
0.808222255998837
0.7394626897244698
0.834690634951237
0.6709420083742896
0.7938630115258539
0.7022323794382619
0.8137338488483525
0.8212962962962964
0.8210925775336018
0.6965419201269505
0.8290642347343378
0.6796957671957672
0.7009439539780917
0.8111894144502841
0.7869968344601069
0.8131656716713938
0.7982093800681827
0.7189021164021163
0.8269624505536008
0.7964305780480551
0.8267613666507507
0.802592104478897
0.8128868024332186
0.8166983072821924
0.7209462365591398
0.8074635152284264
0.7854862215156333
0.8205990869034347
0.7581507550973201
0.8278614855934444
0.8121233148295004
0.7195781539275323
0.8117924621820417
0.8144472361809044
0.8335913978494623
0.8133659331703342
0.8070741249867823
0.8163525132275133
0.8184399322285171
0.8024025334364692
0.8263441393212386
0.6796544521996616
0.7966139223773265
0.8108588612405406
