0.9279123147039564
0.9083499600957702
0.9260281525472144
0.8809523809523809
0.9180000926066795
0.9162486700106399
0.9196659881569208
0.8900340912852084
0.9342675049749763
0.8975336085529797
0.8874377985833648
0.8714559640306797
0.9049366310319522
0.9141157643448992
0.8816017631174882
0.8650454921422663
0.9136956809750927
0.9072932156901623
0.8732128102587832
0.918776455026455
0.9155461684911946
0.9217099804175379
0.9109183437427711
0.9190447552077826
0.8946481442317861
0.886711496631121
0.9009499222189125
0.926468253968254
0.8917975567190226
0.8966494112669167
0.8924208047520457
0.8596303347612249
0.8670944300312384
0.8811772174499573
0.9192765419180511
0.9112137159500878
0.9083531588686228
0.8902110106298589
0.9134315304033236
0.8722598051857877
0.918097950714045
0.9297495236583042
0.9247546346782988
0.9040663845543507
0.9414730758294152
0.9194062423068989
0.9027101622772015
0.8902260111022998
0.9036383463864378
0.9047389324680645
0.8982326036379019
0.9177036498280878
0.9090114373133242
0.8850382298039685
0.9031598722027823
0.9113300492610837
0.8923216209250535
0.8957341742027608
0.9337127129855538
0.9077240585538805
0.8647562652003806
0.8892090620031796
0.9276296222861108
0.9273346560846562
0.9319733962725691
0.9035076699285903
0.8877610362146445
0.9102843915343917
0.9095504759627202
0.916590354090354
0.8989373302404886
0.9189855676100941
0.9111673782808725
0.9016666666666666
0.9184374606582251
0.8842020028423174
0.932390312483421
0.8985807665052947
0.894521951864586
0.9131150902584388
0.9229511993382961
0.914168252961083
0.8910439851616322
0.9420190316929448
0.9003304583457256
0.9261366640232621
0.916220592122654
0.91548532134356
0.8950283180343253
0.8612470245966676
0.9159073614557486
0.8875736312375349
0.9230332029184731
0.9128141534391534
0.8948350717424683
0.9256695557891536
0.9295760219424342
0.9247666825296109
0.9207844225888324
0.90151680380688
