0.9443367708050828
0.9199787177440809
0.9436151909497332
0.9416514381058319
0.9101847503257771
0.9375714559500916
0.9521815850692608
0.942362559163274
0.9252993249899176
0.9393094368582618
0.9336805348493583
0.928391959798995
0.940587873619072
0.9221635883905013
0.9299452004023931
0.9317055417700579
0.943494965553789
0.9415815736426423
0.9291040089896553
0.937556216931217
0.9360985509545718
0.9487171827807097
0.9254023330359208
0.9281980279158294
0.9334322459553771
0.9438962279166003
0.9173931751232912
0.9207242063492064
0.9256835369400815
0.9418076518772687
0.9290897424872832
0.9427157702681264
0.927119182506486
0.9327474358720019
0.921356053431525
0.943272763380002
0.942420037007666
0.9490222909725528
0.9457265721801471
0.937912062478095
0.9378308364338062
0.9425214353763098
0.9276990185387131
0.9238693467336683
0.9337757322065057
0.8673027405736641
0.933988427773344
0.6751519957705524
0.9494729189385678
0.9271185096582761
0.9413467639593909
0.9309177466278763
0.9226143565766207
0.9316114975055966
0.9178876416386091
0.9310146194184014
0.928384031297705
0.9107270347453595
0.9426509596399439
0.9276113429952968
0.9315321983715765
0.9433359830418654
0.9426192128482205
0.9273313492063493
0.9405151497120795
0.9414043903729172
0.9293880518107323
0.930380291005291
0.9192856241322731
0.9367335562987738
0.9402809994911346
0.9426274486470048
0.9251845232184821
0.939292328042328
0.9329284857640753
0.9347853389298345
0.9586848108652979
0.937468956336881
0.9307623644538483
0.9444723734430501
0.9335583126550868
0.9254639911167513
0.9212572866984631
0.9496403355099007
0.9281385281385282
0.9337265397832409
0.9271114195083267
0.9237866966411002
0.9303316877812803
0.9091146522084105
0.9344152191894127
0.9407206419252455
0.9312281907581684
0.9233234126984127
0.9483573357335733
0.9526005408014175
0.9473150259409802
0.94136328785956
0.9318554357021998
0.952711410726678
