0.94765076698175
0.9328145783453046
0.9464649886738808
0.9431444991789819
0.9453190630849931
0.9313824619837824
0.9616157343766523
0.9426405851785654
0.9290413005679076
0.9374966920715572
0.9286249097209798
0.948297408093097
0.9420390461267908
0.9229670482274286
0.9209674643934982
0.9137733664185278
0.9457074721780605
0.9466045404976702
0.9149948772184949
0.9559457671957671
0.9461863398381724
0.9500813170035515
0.9287928356630647
0.9461311726763244
0.9311389711324943
0.9419398907103824
0.9264654287889319
0.9339980158730159
0.930777010947168
0.9287074317221682
0.9468900692565667
0.9462987201861547
0.9235419865515964
0.9184670118568188
0.9525321695133016
0.947032734253467
0.9472640761300556
0.9418530858321434
0.9499175065100285
0.9530157848446975
0.9315494875132996
0.949894807875516
0.9468589934238789
0.9377347262628934
0.939694222363296
0.9406608249000312
0.9428072625698325
0.9212001057361882
0.9471002280162584
0.9509916006370563
0.9222616592639594
0.9502248082517853
0.9385252687139479
0.921065917349223
0.927875933508404
0.9527649769585254
0.9587796802823138
0.9182036331905442
0.9534572965210973
0.9192271311112141
0.9039005498572485
0.9487976947535772
0.9659561812233568
0.9328968253968254
0.9564185459185359
0.9418903729172177
0.9651136664023261
0.9271230158730157
0.9434358330510108
0.9417602325211021
0.9481452844029422
0.9395664332890379
0.9236123522986792
0.937010582010582
0.936493264688148
0.9436494034438312
0.9587610748580826
0.9322701775531963
0.9495404654853214
0.9373085853006741
0.902679900744417
0.9248790450507614
0.9311572602013779
0.9341920157137549
0.9404051419318594
0.9350118953211737
0.9238633359767381
0.920338534779159
0.932353932472888
0.9391827558846865
0.9447080231596361
0.9442787948661883
0.9429490060272814
0.9262996031746032
0.9389262455657331
0.948584197756137
0.9681669475562605
0.950134174069374
0.9561653976311337
0.9433263937080731
