0.9316463483201809
0.9238328012769355
0.9214213117040992
0.9188119074103502
0.9223956025056722
0.8992215018801588
0.9362806651157873
0.9445040214477212
0.9179145427980193
0.9080991319995766
0.9249971839571697
0.9036200740544829
0.9240696298353135
0.9158351022675423
0.9151301159527718
0.9178990901571547
0.9115096714361421
0.9076864611215756
0.9252470502693592
0.9380654761904762
0.9177673330160241
0.9323641674134555
0.9123459237963054
0.92345617003278
0.943560325684678
0.9210800307708632
0.9167510674213086
0.9010879629629631
0.9167294674493628
0.9301123253799825
0.936567731863974
0.9108691628325136
0.9063906390639064
0.9290376336619913
0.9133691397842342
0.9322046801045908
0.9330921226539785
0.9392485060024326
0.9513089629673802
0.922517375232276
0.9285162006595252
0.9201598391023605
0.9189352632100725
0.9287787622322137
0.9226264870619822
0.9291469556943918
0.9135474860335197
0.9175489029870473
0.9332408049965303
0.9147111108174013
0.9286564086294415
0.9132537688442212
0.9272170970284177
0.9126659890923826
0.9196372464065302
0.9250655490227235
0.9258893345933479
0.9058054365645989
0.9320241189727497
0.9252763317171262
0.901746061118748
0.9332505299417064
0.91768613066323
0.9211871693121694
0.9384193789378342
0.9267125099180111
0.9246100978059741
0.9281712962962962
0.9197174116662349
0.912973801560758
0.9166683188273624
0.920264847246739
0.8507927051269322
0.9278075396825396
0.9273957898503191
0.9155600356942195
0.927986895856544
0.9189818340761737
0.9293308648505687
0.9206030017793712
0.9406550868486353
0.8971354166666667
0.915308691043985
0.9321249402771141
0.9266779022504212
0.9250793021411577
0.928674332540312
0.9144902142290399
0.9255965952272381
0.8961815657233535
0.9086550868486353
0.9200608265251355
0.9187870096225018
0.9260185185185185
0.930663286916927
0.9240365735139532
0.9399755460824162
0.9265248255076142
0.9223409739847716
0.9434023991275899
