0.9201267388557783
0.9164471934025007
0.9381613822515394
0.9063906986598866
0.926066795875034
0.9067289200816828
0.9332901554404146
0.9005858405322211
0.9166352631613744
0.9304706520588546
0.9331868991061547
0.9267323459402276
0.9247935632731047
0.8956461073528147
0.9057751363371631
0.9005359801488834
0.9154908585055643
0.8739962327748587
0.9109958026241862
0.9104232804232804
0.9075803850018509
0.9213714361578546
0.9274148243613892
0.9205119223855346
0.9205879242888865
0.9094182715263409
0.9088372554860491
0.9328439153439153
0.9286682267703209
0.9161096676517451
0.8775541252968375
0.9048468983023956
0.9219006459469475
0.9396743838488041
0.9210348549971192
0.8721212723000034
0.9146940259053661
0.9110013750066106
0.915591600903784
0.9194093412951906
0.9019369419974755
0.9076558695882292
0.9101682032979741
0.8797705633430309
0.929930366814133
0.8967777134606811
0.9248802873104549
0.9002940787734602
0.8955949902514787
0.89994118463399
0.9151795156514383
0.8775852948955303
0.9045113479075743
0.8272916293004378
0.9082962355384747
0.9154947295937286
0.9124873613047759
0.902678618647205
0.9331310122921666
0.9310080237073101
0.8874378767050862
0.9008876523582405
0.9314728528468986
0.93619708994709
0.9377813919355799
0.8822732081459931
0.9144891620407085
0.9062334656084656
0.8931425496721735
0.9136672506237724
0.8846890964002723
0.9279834982843769
0.9287392844139939
0.9273412698412699
0.9194346711193273
0.9198664771788346
0.9239681150193645
0.9126075352490447
0.894115313409151
0.9304424614855435
0.9280099255583126
0.9204572493654822
0.909317037625861
0.9054686255773211
0.9214467466375864
0.9351473698123183
0.8906093047845626
0.9065227453054748
0.9025423448786323
0.9055210261835493
0.9296079404466502
0.9293140119665255
0.9201583483134187
0.91619708994709
0.9344985969185153
0.9301817436548391
0.9267671260037672
0.9418160427241962
0.9194096340947547
0.9360530055186544
