0.9301117233441595
0.9250432295823358
0.9176381886180806
0.8984056358917316
0.9265397514172129
0.9229101819359358
0.9313471502590673
0.9005461225300367
0.9089959472950011
0.9145165131787869
0.9226482729374972
0.9092501983602223
0.9144899079050887
0.9008140403779898
0.8920156721554509
0.9024052936311001
0.9214096449390567
0.9050295760219423
0.8716958059292066
0.8971362433862433
0.9017795758633455
0.8953632712668859
0.9106473678992764
0.9288622184625146
0.9178915089351802
0.9032077298530428
0.8736040777148909
0.9155621693121694
0.888812866888783
0.906106824808108
0.8999914008083241
0.916015521709239
0.9123206438290887
0.9121484449911056
0.9118227514453929
0.8962896766292656
0.8896510705789056
0.9260272885927335
0.8996826154080612
0.9049834348403992
0.9147045023493103
0.9210860590663702
0.923644294636661
0.8919730230097856
0.9300791556728233
0.9165186264529566
0.9023244213886672
0.9136432725350252
0.9239615346485576
0.9014479153587408
0.9071951670896785
0.8828220047606454
0.904647112194282
0.9149943203332069
0.9118682074654212
0.9128595264579692
0.9346422505798931
0.8987453064678196
0.9222083352723355
0.9289640619935572
0.8982301469810722
0.8677662957074721
0.9273652556095303
0.9108002645502644
0.938191290320448
0.9081063210790796
0.9009119746233147
0.905353835978836
0.8908640400698831
0.8893500822848648
0.896845694799659
0.9162914774192269
0.89778903121173
0.9260780423280423
0.9111521922065187
0.9006775291668043
0.9380703220329991
0.895206527281999
0.8991801110817245
0.9160454301911006
0.9209528535980149
0.8970792354060915
0.9263645998940118
0.9227252216382651
0.9030831763656191
0.9101936293946604
0.8910190325138778
0.9044399629727585
0.9091311617333148
0.9145001322401481
0.9251645988420182
0.9209950901465005
0.9184962197314159
0.8979232804232804
0.9223043627892202
0.9198582544940069
0.9052774197812365
0.9378073445431472
0.9216634940778341
0.9328244274809161
