0.8746965477552802
0.8930001330140994
0.9187243003381229
0.8834419195931988
0.9240228341612812
0.9035600758672189
0.9142301998519615
0.8941912421805183
0.9225258996277859
0.9261835767968668
0.8936993526414483
0.9311028828352288
0.8904116834262217
0.8777484608619173
0.9050934505215229
0.8663225806451612
0.9078067037625861
0.908532434486633
0.8956968635357108
0.9035945767195767
0.8979322015971232
0.922516512330313
0.9172565348137868
0.904264037221106
0.8964358411758486
0.9194221178842379
0.9017939297653327
0.9134623015873016
0.8666508012057749
0.8940181280866341
0.9266522023852833
0.9017002485588874
0.8989913697252079
0.8944326515497185
0.905210037285509
0.8872141131301094
0.909324610097806
0.9249100957216141
0.915051583278669
0.8969025466039768
0.9121437209640433
0.9091146660315444
0.9233402729585936
0.8858304681301243
0.9130477909814113
0.9063520895293985
0.915635807395584
0.8802537668517051
0.9185651498628598
0.9041474745739191
0.8871120188240271
0.8937384289870404
0.9286442777008815
0.8904222882082146
0.9060571383213055
0.9145479103766089
0.9129466498371014
0.8528346290126396
0.9349625384753458
0.9016120177011053
0.8734138733213493
0.8835651828298887
0.9283268893955916
0.9009722222222222
0.940174669602068
0.89240280349114
0.9124801744647105
0.9037599206349207
0.9053820655387047
0.917967298402081
0.8884956746432986
0.9310511249066158
0.8722404263065567
0.8708134920634921
0.9212435645138849
0.9022011435370328
0.9077272003819833
0.8875076988284536
0.8987569426077756
0.9162934837971386
0.923225806451613
0.9114484189932317
0.9271860095389508
0.8981558900037161
0.9061531343974092
0.9259318001586043
0.9070578905630452
0.8800515736577624
0.8805851292320095
0.8961451996826235
0.9197981803143094
0.8891969971044453
0.9121484085862324
0.9068320105820107
0.9251171440673479
0.9327766648816253
0.8981461286804799
0.8995313821912014
0.9276848032994924
0.9069561481775222
