0.8811227898423701
0.8545790103750999
0.8848123717092808
0.8727951692356587
0.8749677530312151
0.888902106174455
0.8782383419689119
0.8695396021580114
0.8655665522917948
0.8645701016195617
0.8586677798318325
0.8358767521819624
0.8444567854710856
0.857655352100568
0.8704002753216499
0.845601323407775
0.8614633015368309
0.8952711410726678
0.8618369302971216
0.872638888888889
0.7233394150933418
0.8515582993129542
0.8290836390073031
0.884658850586867
0.8526091783863804
0.85603679240278
0.8722867639757721
0.8873544973544973
0.8782623353958432
0.87063739198847
0.8577495253907672
0.8564671584959542
0.8578519616667548
0.8771136283981722
0.8335596071445128
0.8979247343858604
0.8675588157546921
0.8799447353112274
0.8586346499161812
0.8584257477466753
0.8514746796545093
0.8743417222398645
0.8467235055021314
0.8613065326633166
0.8646252835254363
0.8425118265833649
0.8652367650971003
0.8457573354480572
0.8918575063613232
0.8592297169593117
0.8359804621404399
0.8435863528167151
0.8703484175182289
0.8771331964898994
0.8557287153469113
0.8704910217702209
0.8617904983445789
0.8473610450050241
0.8835800852274615
0.8392017304219557
0.8422101353494765
0.8635930047694753
0.8654505799543967
0.8608928571428572
0.87876263577884
0.8400224808251786
0.8882897171556965
0.84125
0.8603366614187873
0.8752587991718426
0.8505719780328715
0.8619105231493419
0.8660344884652301
0.8544642857142857
0.8806594178411221
0.8572429520441549
0.9048324844819353
0.8521824936919277
0.8775158688177731
0.8544818325538938
0.8693995037220844
0.8599698604060914
0.8572138314785372
0.8636659234485322
0.8615809127259509
0.8789485857784828
0.8411776367961935
0.8479635017191218
0.8434379481485887
0.863266992859032
0.8557882547559967
0.8676029180829706
0.8842061435973352
0.8756845238095239
0.8702480542171864
0.8630674943969536
0.8539572386900632
0.8694744077834179
0.8714704949238581
0.8667393675027262
