0.8075500902915126
0.6936951316839586
0.8555371769066741
0.7952288256793263
0.7223056417312157
0.8061090293886345
0.8398144231785978
0.821831661867408
0.8189306941166359
0.8081401503122685
0.8074688081844144
0.7873710658555938
0.6775355851299445
0.7927338134253841
0.7797360618414783
0.781948717948718
0.6800278219395867
0.7929612372360464
0.8154542750437916
0.8073743386243386
0.8080808080808081
0.8124796707491122
0.7997885066587356
0.8232493126784393
0.7023567198900285
0.8029603692503582
0.8276966868566511
0.8191732804232804
0.7896967052726215
0.8011662270175925
0.8141681605006051
0.7895380506637052
0.7830783078307831
0.8237347987382705
0.6509268396060849
0.8072286763975771
0.802802008987576
0.8463364006557723
0.8320247016651096
0.7925155897659717
0.8069930809339086
0.8128407166296178
0.7185221902779155
0.819452525786829
0.8071762519755854
0.8033892892073694
0.8356411279595638
0.805214115781126
0.815498496414527
0.8138328454081061
0.805579790609137
0.7788680243321873
0.7910488287846779
0.7818675807276617
0.7864489968712173
0.8318634461571058
0.8096695105107685
0.6697141572796023
0.8236349977729173
0.7694358268784274
0.7872673680871313
0.8224496555378906
0.8131125871583887
0.7924206349206351
0.8079493841607331
0.8026811690029092
0.8084522865450701
0.6939417989417989
0.8127304250782199
0.7814142379359771
0.6954605232723357
0.8046602801853799
0.7645583027173734
0.7675595238095239
0.8145784880831693
0.808170010245563
0.8226829009496526
0.8022212361835004
0.6925548796614652
0.8276655840504838
0.6991298593879238
0.6816373202199661
0.8001788553259142
0.8089332165419123
0.6388817289580648
0.8025310600052868
0.8055015860428231
0.7934342766463898
0.8189430136732819
0.714143083840254
0.8197783291976841
0.8183089165854984
0.8117598075499629
0.8021097883597884
0.8094059405940593
0.7071937166544359
0.8144608572089488
0.7934512478849407
0.8027178510998307
0.812068338785896
