0.9504719633277547
0.9461226389997339
0.9439141207809376
0.9264030139308226
0.9465494089709414
0.918343609772861
0.9439535529237602
0.9437791679078542
0.9510766443867061
0.9471856144807875
0.9331140132917222
0.9519274001586882
0.9299205987160926
0.9158384086866243
0.9239787949383174
0.8761091811414392
0.9374138844727079
0.9187303790357224
0.9434610172852563
0.9171197089947091
0.9426364429636681
0.9524444886985961
0.9481609993060374
0.9488143703077087
0.9349423707306757
0.9470926839620137
0.9168073345910701
0.9254199735449737
0.9549586175895077
0.8933966692450597
0.9456762602776878
0.9319173409487547
0.9238861386138615
0.9238531685414064
0.9460850215567196
0.949915599245358
0.9578674332540312
0.9380123221746258
0.9406875120095944
0.9398000277739202
0.9296065978945421
0.9341920715571082
0.9312877961732923
0.9485189103411795
0.9581308151645604
0.9292500848320326
0.9249700718276138
0.9038858049167329
0.9440170516506393
0.9323524163863575
0.9221393824027072
0.9380091245702196
0.9371278899580787
0.9244371815566937
0.9234969605164807
0.9512719158853752
0.937417807178118
0.9306315775556613
0.9548068421297558
0.9192899713580769
0.9266978164322724
0.9365229199788022
0.9565909917054956
0.9434259259259259
0.9452355924023351
0.9348717270563344
0.951206053396775
0.9382705026455027
0.9453091266598909
0.9412724956203217
0.9236569585704183
0.9363798039099016
0.9305464535133882
0.9352777777777778
0.9451004167743389
0.9473378061275077
0.9361703538649265
0.9400882136731192
0.9500528960592436
0.9488414242907321
0.9504747725392887
0.9342943633671743
0.9306306306306307
0.9499124064341455
0.930388949472919
0.9301083795929157
0.9172250859106529
0.9171647712245437
0.9360151205746876
0.9363825707484792
0.9397518610421837
0.9407372068830712
0.9386301152585386
0.9288558201058201
0.948317625880235
0.9648644360261013
0.9536135620105086
0.9619223244500846
0.9456462827834181
0.9447473645946929
