0.8786521759262321
0.845996275605214
0.8806937829237995
0.8919235658668361
0.8639277138718191
0.893283636339605
0.8795270698953157
0.8640717571906132
0.8779891178590081
0.8561514237324017
0.868043545961132
0.820589791060566
0.8471079024441844
0.8604955660920109
0.8708503203261503
0.8022167080231597
0.8690745892951776
0.8754205082449356
0.8491588723270649
0.8815013227513226
0.8466404886561956
0.8637160211092303
0.8464161792406066
0.886684466532727
0.8440242677381833
0.8831768263568359
0.8641511931949822
0.891332671957672
0.8653782590300916
0.8627964325617987
0.8637788817081963
0.864380057115659
0.8464750886853392
0.8726168984466443
0.8526659470055697
0.8824082348657862
0.8661908538197199
0.9033991749960336
0.8599002126940585
0.8366728166061592
0.8489931998863344
0.8595023552450514
0.886626350748488
0.8502479502777044
0.8563757679158317
0.8595913424752324
0.8820630486831604
0.8336571504097277
0.8726116123062688
0.8516630209951032
0.8550887002961083
0.8762331393811161
0.8642820718292417
0.8804745677142497
0.8456114356019764
0.8571428571428571
0.8928899491808803
0.8506994024009733
0.8846803305389539
0.8473345813185869
0.8258234641006661
0.8404511128775836
0.8851194606919799
0.879186507936508
0.8864052572773491
0.862139645596403
0.8770222045995242
0.8593716931216931
0.8575134352351914
0.8559483994266603
0.8492502494762652
0.8691300237344386
0.8354119087809883
0.8569642857142857
0.889564739168174
0.880781306805037
0.8738925141917343
0.8482685086458672
0.8713567839195979
0.8415698155142648
0.8821571546732838
0.8515360617597293
0.8567368839427663
0.8925187131708869
0.8460394567264797
0.8707969865186361
0.8552471583399418
0.8371330335889976
0.8535392586424526
0.8479172176672838
0.8691679073614558
0.8565441522385884
0.8530784075288146
0.8876124338624339
0.8588976544713296
0.8746702631944306
0.8568322262978753
0.7345832011421319
0.8535718062605752
0.8840124252337993
