0.7865350710102683
0.815846583108198
0.8371674957950288
0.8554569653948536
0.8672443829007905
0.8379566053282066
0.8695336374507285
0.8293067972186746
0.8250675406351035
0.8259894517573018
0.85472049689441
0.8647585638736082
0.8408919792727756
0.8658398299078668
0.8272935291613452
0.8376041112883219
0.8591215616681456
0.836938988939308
0.8462512844134218
0.8504438920454545
0.8222381673709108
0.8672312125914431
0.8442956230566849
0.8523044476149121
0.8553718275124861
0.8241150834425823
0.8311239193083573
0.8783956065509463
0.8760280771412366
0.8549228765581947
0.8277513662416137
0.8293372319688109
0.8430852949517866
0.8558171339259549
0.8483152039117032
0.8787110949668205
0.8423421428001878
0.8446057889094629
0.8455978101995801
0.82838921121396
0.8599581382148432
0.8487742644257603
0.8422910458351072
0.8339297735889168
0.8680641675229422
0.8678294298976013
0.839754683991444
0.8698182334312099
0.8377121496651667
0.840286698974936
0.8389427555066665
0.8342857142857143
0.8223557692307693
0.8118957526562514
0.8239612926136363
0.8404926457558035
0.8074350364575489
0.8453948535936113
0.8425931675641151
0.8535973772815879
0.8534032805479985
0.8304017411160269
0.8548085196980315
0.8208646198960323
0.8323087552705242
0.8428364199453576
0.8619477022286788
0.803980972122565
0.8465141447922859
0.8507911182023667
0.8537931890081261
0.8234227444025715
0.8298964502287314
0.8129697249007373
0.8126319352281534
0.854182212273034
0.849436649659864
0.8297589625023253
0.8373151912974922
0.8482825865354784
0.8500708717221829
0.8498085038476542
0.8341644891270652
0.8356663802039497
0.8163027592010275
0.8556807004173794
0.8261530416903007
0.8377276723471898
0.8409405133295518
0.851815087918321
0.8221066527274499
0.8400504893927986
0.8644791249833267
0.8349801058069776
0.853288453873068
0.8642201672335601
0.8095975783475783
0.8435360290535454
0.8203172071593123
0.8443093039772729
