0.915748952343826
0.931418574781877
0.9304733596162573
0.9276708074534161
0.9392057890740162
0.9280506064445252
0.947517604854068
0.9051546757485455
0.9214225607865716
0.9273412223551833
0.9243389529724935
0.9367907730739591
0.917937021125825
0.9466380226789511
0.8850752093089258
0.9109826333510544
0.9206122448979592
0.9366270207033466
0.910843992488396
0.9429554332386364
0.901777884078769
0.9467346486366659
0.9351475369174485
0.9380887396209027
0.9276437765575238
0.9316071998015801
0.916816670361339
0.9461650931200799
0.9243078204764605
0.9284492916692507
0.9380103967654508
0.9250044302675882
0.9391041548496881
0.9493459554024173
0.9488360556992523
0.9158331192246015
0.9216007654756315
0.9288346873864856
0.9497772108391578
0.9162983303069223
0.9445686107563502
0.909525033002277
0.9388480913864056
0.9332016440491797
0.9092274031818021
0.9417894979272226
0.927709880980909
0.9082296166845565
0.9305088048754562
0.9278025356380293
0.8966928952247464
0.9197249334516415
0.9176727207977209
0.939178710998077
0.9247691761363637
0.9380559985823144
0.913064471830674
0.9155412599822538
0.9259361111357527
0.9328637249689882
0.9337908850035888
0.9205571214499785
0.9382135601940973
0.9111298707068911
0.909940474081423
0.925961358761914
0.9213983276051447
0.9181792411880908
0.9333167741534859
0.9237158179320125
0.9220050156406462
0.9316869873642207
0.8957498492854357
0.9266741704480997
0.9134772113902967
0.9492724656220018
0.9173132794784581
0.907792748500713
0.9124788505319479
0.9115720427248151
0.9338633947554926
0.94408489662754
0.8998538464945303
0.9207812458470288
0.9092165286328004
0.9355410422962063
0.9167479083947816
0.9365536778353034
0.9026340045377197
0.9429195618264323
0.9218311169388061
0.9257540192214004
0.9171135120714953
0.8983225074658607
0.9389786970193542
0.9178093112244899
0.922008547008547
0.9396341733469152
0.928956228956229
0.9304776278409089
