0.9129891646215591
0.9380884893042207
0.9167771676737833
0.8978260869565219
0.9334435163264396
0.9198376908151783
0.9463705212808362
0.9158861927061162
0.9207227955179591
0.9256437530470238
0.9121916592724046
0.9239770744195522
0.9118384339430443
0.9327870304748406
0.9087998439052078
0.9282163742690058
0.9126796805678794
0.9243565655133295
0.9094842858661375
0.9297318892045455
0.9122396733016203
0.9470538683218799
0.9298944962661777
0.9429448722606716
0.9260558694900067
0.9358767671757078
0.9199911327865218
0.9477520126240337
0.9413464265456608
0.9025613310770703
0.9348824810059093
0.9161173134857347
0.9261512691435052
0.9280906160363033
0.950350777734472
0.9290960477004723
0.9156160572689176
0.9443745514791222
0.9517349207614694
0.908485761105452
0.9324357882787
0.9250826164382348
0.9355266425429261
0.917890550260426
0.9188605038443822
0.9355357332671934
0.9195933292506503
0.9308062842087522
0.9299153172944052
0.9277139389214235
0.9138094688938763
0.9104791481810116
0.9245459401709402
0.9368835680168723
0.936319247159091
0.9245348219032429
0.9058881377856137
0.943868677905945
0.9223344895189263
0.9417153996101365
0.9376323694914354
0.9095101327244184
0.9375837199606127
0.9219042964411072
0.9379318286503915
0.9285021403080975
0.9001124968996917
0.9218244793466032
0.9187949648265278
0.9354961662899436
0.9229709252350528
0.9319574373753048
0.889845384588106
0.9325324376063528
0.91093871079798
0.9409000461926589
0.9223577451814058
0.9081382267222975
0.8949569038064612
0.9341798519700395
0.9406537916371367
0.9288538600659597
0.9371849949067717
0.9223183988801376
0.9234111342397803
0.9044547041569558
0.9202885706182643
0.914570142175886
0.9207582955190018
0.9314733408961996
0.9247636682584542
0.9117897161078877
0.9397003245742742
0.918730670731167
0.9234997121218832
0.9123618197278912
0.9242743945868946
0.937096417024669
0.9489455963140174
0.9219948508522727
