0.6677711724003509
0.6645289871119182
0.7724420870896258
0.7415705412599822
0.782061017554831
0.811537064436392
0.728889676247841
0.7581949765857812
0.7067894946631825
0.7907015911004742
0.7031410825199645
0.8156829395767449
0.6735373577217768
0.7083362863217575
0.6969898538385129
0.7787169945064683
0.8120674356699201
0.6705899035734544
0.6724037132834921
0.82373046875
0.8266496585080656
0.7819640877854136
0.7186744266390284
0.7616861768589329
0.674895987651583
0.6796407185628742
0.6492396364442474
0.6494780104665365
0.7833770561542825
0.6532147318620372
0.6276713911227618
0.790368598263335
0.6732841747022121
0.7093431136607848
0.7926779576940792
0.7882627069840792
0.6656625705451357
0.7886791115521259
0.808277303852525
0.7038575667655786
0.6889988647651484
0.7034490701774592
0.6700723712217964
0.8017308578110052
0.6777539595365482
0.6819969528398824
0.7126856067666038
0.7968720892066675
0.7744481451298587
0.796023779358737
0.6432354271824852
0.7872848269742678
0.705386396011396
0.7175467668613255
0.7882634943181819
0.8130515683147261
0.819643664005812
0.792963620230701
0.6915113504306865
0.7684387737019316
0.6514794367595063
0.6381654060225488
0.6407781631729754
0.7863509130492736
0.7170658682634731
0.6558331182642592
0.8123826311873295
0.8129545474678219
0.6549185199641612
0.6477330142268316
0.7413223213731867
0.7997428508091332
0.6826305897372247
0.8004555445263755
0.7199187679810458
0.7718882137654124
0.7114601048752833
0.764791340012579
0.7614960092836199
0.7962682267428978
0.7926116229624379
0.7192364977481471
0.6600203729128836
0.7889581912094338
0.7679613800434032
0.7718503814899821
0.6909653289846852
0.7853241805571589
0.6389366491775383
0.6950599120816789
0.6496885825411309
0.657566765578635
0.7459783913565426
0.7657802156902709
0.7604676912175029
0.7913832199546486
0.7040153133903133
0.6492227290845476
0.6601896154527733
0.8061345880681818
