0.8837256691267021
0.8771601930997831
0.8919122162200646
0.8659982253771072
0.873587349801224
0.8697008088880225
0.9164400549182871
0.8691907904072654
0.8717480845032997
0.8689535965961974
0.8900976042590949
0.8869976170861127
0.8844501527968467
0.8871367824238128
0.8568273733503619
0.8919546340598972
0.8982253771073646
0.8869381026659104
0.8713106331715268
0.8855113636363636
0.8784005244182236
0.9045355796940813
0.884902601716761
0.8908256311643199
0.8667400001774198
0.9099404740814229
0.8666548437153625
0.8872395624381503
0.8805436401020987
0.8932143774751706
0.896361132092238
0.8766081871345028
0.8614931934203063
0.9058095855497438
0.9095330049959253
0.891269679545676
0.9174898778251277
0.8888244101673592
0.8734220946610327
0.8729793170645289
0.9026979565772669
0.8821043492128182
0.8988576699304669
0.8672182262693549
0.8714169294547001
0.8862806930517663
0.8925411152825482
0.8735706618645045
0.8889381001310988
0.8926384988172338
0.86124885786014
0.8713354037267081
0.8862001424501426
0.8703066984501139
0.8813121448863637
0.8962697146907673
0.8628079843361005
0.8641437444543034
0.871352914563503
0.8836523125996809
0.8872854395774811
0.8751516340802055
0.9083538105334127
0.8583107477673613
0.875004429011799
0.8655655130064877
0.872683626829182
0.8846501368625264
0.877092444578495
0.8916145902583876
0.8804664723032071
0.861183772999335
0.8907230752863577
0.873502197958026
0.8731462265411372
0.8779358988025443
0.8745083971088435
0.874750857051742
0.8784005244182235
0.900465363648451
0.8874202693125444
0.8754654420369516
0.8637583595376235
0.8851963746223565
0.8855308029585013
0.902363376961727
0.8800606211003971
0.8582237338708961
0.8778981140102099
0.8850326148610322
0.8712955497869249
0.8864963018734221
0.9055889022275577
0.8678564782404494
0.9106160591700253
0.8882378472222221
0.8664173789173789
0.8920235617166394
0.8777954988481304
0.8892933238636365
