0.8687794030353235
0.8941139997342664
0.9002643124760829
0.8518189884649512
0.8931165408496001
0.8713575674885489
0.8742636963550201
0.8666719880800341
0.8813144957704062
0.8741922616673314
0.8838864241348714
0.8887737294816941
0.8782275565791222
0.891495393338058
0.8722816446714915
0.8858142831827043
0.8921029281277728
0.8818996384004539
0.8708810190270346
0.9060014204545453
0.8591511865848148
0.8956195965417868
0.8483970696360077
0.8791638235841449
0.8903989283845042
0.8855277610459555
0.8748747506096208
0.9150195690354561
0.9028112592172433
0.8646685153848199
0.8567156884524815
0.8851408825093035
0.8785672504254114
0.8882573907483549
0.8890001062962832
0.8862418158783036
0.9005147469234791
0.8685756305871304
0.8883618131405742
0.8554408964081668
0.8959131545338441
0.893887712521374
0.8870263942103023
0.8747741203982567
0.8920649824611132
0.8801376536867094
0.8812116693736631
0.8748436488152794
0.8857137795415087
0.9041560719759726
0.865595642570103
0.8819165927240462
0.8732816951566951
0.8698237436529106
0.8695534446022728
0.8875598086124401
0.8572795492199059
0.8700621118012424
0.8829561684423429
0.8683235867446395
0.9053763059718025
0.8419616098187527
0.9011416963105556
0.8452126005242814
0.8885217730220034
0.8765918819582262
0.8618591219927011
0.8587569870755711
0.8682658103205089
0.8955280769401233
0.8774003739576596
0.8870317002881845
0.8696407674030995
0.8762407827566647
0.893917396300024
0.8765501190349286
0.8809125212585035
0.8694225198649979
0.8661670520077599
0.887670079333422
0.9068479801559179
0.8981790134401929
0.851764914300899
0.8804741696272737
0.8814562203817708
0.8852694356075039
0.873200865002836
0.8865612262115143
0.8621135847986385
0.8682997731140102
0.8601766618529116
0.8472873023606006
0.9185807656395892
0.8752027080914866
0.8856370964170247
0.8913867630385487
0.883141915954416
0.8934540945126002
0.8756069466595782
0.8728515625000001
