0.8646685153848198
0.8540502236591523
0.8731211120702698
0.8899290150842946
0.8600482422834681
0.8848331280842733
0.8787811683422648
0.6109559032212287
0.8570397271801231
0.8747684261844613
0.8621295474711623
0.8748217243792464
0.8742858408255458
0.8961729270021261
0.856171065701717
0.8967171717171716
0.88924578527063
0.8887859826999432
0.88188711334727
0.8829811789772728
0.8840610522026451
0.8813788516958545
0.884185070025778
0.8937410830593635
0.8948122455134973
0.8663058498387839
0.8667169142097095
0.9040805227919084
0.8924329977311402
0.8723897192370049
0.890731772337495
0.8845029239766082
0.8884890811117414
0.8778139902492741
0.8839333167983561
0.8893382711236721
0.8740597673450221
0.8839205819032346
0.8986641508765401
0.8597900704194164
0.894893216971761
0.881586058420675
0.8900152547183199
0.8674972540126847
0.8944389327853168
0.8642596463876979
0.9018647211793629
0.8661589503845573
0.8929995039506785
0.8921600765475631
0.8806230982816894
0.8649423247559893
0.8787037037037037
0.875725539890294
0.8661132812499999
0.8744905192273613
0.8645799186682142
0.8744631765749779
0.8866819839080257
0.8933014354066985
0.9150708481395163
0.8574639646068218
0.8720847711728335
0.8558581774559025
0.8512294936753712
0.8632516664145167
0.8617085355915389
0.8542126196993454
0.8580065113060757
0.8675530736160971
0.9006176504470655
0.8907027266681444
0.8282873506152701
0.8701210649461144
0.8711866822242609
0.8662766940269339
0.8811029620181406
0.8978093137385172
0.8915508428782766
0.8851039312148208
0.8805634301913536
0.8807227206638535
0.8599406528189911
0.8906450726936059
0.8574338987554808
0.8595532003509176
0.8617413499716392
0.8975285728240694
0.8692303601815088
0.8756647050482134
0.878454164488664
0.8623366845298728
0.8787781779378419
0.849078841262949
0.8820142610390185
0.8622670422335601
0.8746794871794872
0.8777138048629258
0.8438286372496899
0.8782759232954546
