0.5552489124753037
0.5823818592497454
0.5763168901901803
0.5968189884649512
0.5559342475543843
0.5672404780678829
0.6077727091545241
0.5344561515538527
0.5869436201780415
0.6100163985285645
0.5966725820763088
0.5485264025087033
0.5831702024004606
0.5811348334514529
0.584357705406556
0.5989190147084884
0.5514063886424135
0.5846612663074304
0.5552297771321263
0.5491255326704545
0.5476317024989592
0.5924362669031257
0.5939169257753328
0.6322365680966264
0.5397996930637735
0.5825567799312619
0.5441276878740856
0.5902449026897394
0.604270065229722
0.596273622099565
0.5478029057626517
0.5663919900762006
0.5945565087918321
0.597729270826858
0.5858608227332318
0.562939107476677
0.5832897732810022
0.557982121182589
0.5765500013287623
0.5614021878736879
0.5992177522349936
0.5848224964782806
0.6087874272740172
0.5865251745030649
0.5227341175636891
0.5674184176026645
0.5511311695112318
0.5729062247731245
0.5849528753144598
0.5627752035509563
0.5560823937477268
0.5696672582076309
0.5849269943019944
0.5755580564835574
0.5797984730113637
0.5593257132730817
0.6132664723445349
0.5865927240461402
0.5455214811003575
0.5520334928229665
0.5837328418123654
0.5738725560154132
0.5932917579639305
0.5359399297996179
0.523172589731779
0.5495652638230085
0.5780391878963966
0.5981822530495097
0.5337851623834574
0.5757434738288348
0.5881724813242709
0.55859898027045
0.5904021419199262
0.6020410876347135
0.5982845080207712
0.582125217638489
0.615982851473923
0.600950508030154
0.543322083145092
0.5606213712715509
0.555173635719348
0.5769663817865882
0.5466672571858807
0.5860938593615721
0.5831347712476195
0.5337979742483185
0.5885121242200794
0.5397621817471383
0.544867590754396
0.6042080260918887
0.5295425751521649
0.5833562159528767
0.5415188297541239
0.5986025326326796
0.5622392488595598
0.5579737103174603
0.5480146011396011
0.5352008503476682
0.5486133262449052
0.5923739346590908
