0.8626042118879075
0.8709863147172151
0.8867194105030836
0.8548358473824311
0.8934470898289186
0.8708038380097635
0.9197794410735639
0.8316482191003264
0.8898135435581735
0.8909896733590391
0.8835048802129548
0.8750874768573883
0.8646618539350724
0.9058823529411765
0.8851106853980417
0.8874667729930887
0.913318544809228
0.8904566080544526
0.8699110654430783
0.9297096946022727
0.8941064958764073
0.8992861893150077
0.90533896728587
0.8768509574911162
0.9000372581546568
0.9029426354391809
0.889000221680337
0.9417609457327021
0.9057093732274532
0.8857633936086329
0.8238148131692362
0.8945507708665603
0.8637886415201361
0.8965250828101272
0.8588208198986642
0.8758449911846268
0.8619663155283465
0.8893161219445208
0.8671414777609467
0.8226582222419062
0.9051369377039875
0.9087188028811652
0.8872924648786719
0.9012241788612125
0.8940048896290259
0.90222956453956
0.9209823290820176
0.8866376289620055
0.8878485632285723
0.8898299829008336
0.8622113601887746
0.8696628216503993
0.8766559829059828
0.8776750821909312
0.8837757457386364
0.8805245436824384
0.8630294761276147
0.8908917480035493
0.901620729727572
0.8952330320751372
0.8881583028348117
0.8709415584415585
0.9015142778571239
0.8939174479050962
0.9023801509407222
0.8484875452757482
0.8758016511355986
0.8501598944076819
0.8809158409254214
0.8964144838895538
0.8852782971634161
0.8981777876302373
0.8566083903684529
0.8799631310266591
0.8603023042459763
0.8751376896563978
0.9016395620748299
0.8830246175378919
0.8680716114344433
0.8645392899880336
0.9047971296952516
0.8759530479804247
0.866052526684087
0.8848862861142366
0.8897471101465964
0.8760888636826853
0.8745036868973339
0.8743950198477892
0.8643292682926829
0.8758774106636416
0.8665822044635025
0.8701226803667124
0.8983860210750967
0.894091114517887
0.9038575667655787
0.8654602465986394
0.8929309116809118
0.9095309801142655
0.8869395711500974
0.9138583096590909
