0.808728548519992
0.8471234332787103
0.8306664768125874
0.8510470275066548
0.8385848930182696
0.825960609899797
0.8671686079985828
0.840189087554988
0.8477611940298508
0.8362895005096841
0.8353948535936114
0.8417001071868329
0.8355595907701847
0.8577958894401133
0.8375017738044558
0.8519626085415559
0.8598047914818101
0.8403112592172433
0.8255855153598128
0.8387340198863635
0.8278278278278278
0.8749900243848372
0.8557849885283514
0.8363182007496877
0.8513000434678472
0.8261967189880595
0.8515362447350918
0.8882425312257616
0.870892122802042
0.8466656625705451
0.8267561203181233
0.8372851320219742
0.8560869256948385
0.8623797810082855
0.8659160968004819
0.8678757165259455
0.8461163629275898
0.8282951333823569
0.8545182350492085
0.8391691394658753
0.8517631616290621
0.8523801507916118
0.8432666382857954
0.8051544839315454
0.8514420862417178
0.8656149239981574
0.8371896938875132
0.8732069513071403
0.8321227367749707
0.8537356805556787
0.8173685097625237
0.8545341614906833
0.8329861111111112
0.8180456724591705
0.8162908380681817
0.8535353535353536
0.8153821619370786
0.8459627329192546
0.8407391308204778
0.8390660995924154
0.8652334576905013
0.8056229484800914
0.8551278753093758
0.8391478206780113
0.82420366367856
0.8315252698746074
0.8552510363887609
0.82557779017956
0.8216221490858445
0.8516996853255329
0.8700630056625343
0.8195344712923962
0.8324718961665307
0.839088201928531
0.829252433843112
0.8304063177344277
0.8448882157029477
0.8284036248638018
0.8301885956753214
0.834809200904135
0.8402817150956767
0.8621848292492642
0.8148190796758049
0.8273870170371487
0.8400637760751142
0.8564516557817221
0.8289758224617128
0.8385713143943094
0.8367041264889392
0.8606202141236529
0.8262618387362566
0.8364143673324771
0.838166377662176
0.8457557577959537
0.8621285265069311
0.8753188775510206
0.821011396011396
0.8433765888657602
0.8310517455254296
0.8509055397727272
