0.8642786898317548
0.8757163736215068
0.9041444552226188
0.8657763975155279
0.8850270246124985
0.8692312462900124
0.8867177465786792
0.845732226479353
0.8742016918375481
0.8848557372689801
0.8932120674356698
0.8779133115416301
0.8663891226360777
0.8827914599574769
0.8869643110543495
0.8817472975367714
0.8822182786157942
0.8691505955757233
0.8713239202069235
0.9083451704545455
0.8618352866140475
0.8937441808911548
0.8616492598793484
0.8958146871427685
0.8877509381071083
0.864578535237218
0.8743161161604966
0.9004341740440593
0.8902527651730006
0.8655544825508765
0.8621140089749855
0.8911660464292044
0.8992573028927964
0.884971626985889
0.9090723877688411
0.8882263823302707
0.8709455927563324
0.8595387654933508
0.8966577196665693
0.8697373665795651
0.8947069675039024
0.8776302150242311
0.8797005818078615
0.8952582999681111
0.8755713425220566
0.8970431917230628
0.8930647637812748
0.8833509274619213
0.8788931013712221
0.8950660488522295
0.8515794796277731
0.9072715173025732
0.8838408119658119
0.8376119879128378
0.8677379261363636
0.8870990607832714
0.8681326470041021
0.8680301685891747
0.8639323320943519
0.8743398901293638
0.9060852304447615
0.8249250749250748
0.8855021423438927
0.8834584795841294
0.889443007476172
0.8772148406560646
0.8701900931864083
0.865896870321649
0.8604859527885954
0.8868989052874174
0.8932891437078523
0.8963866105076481
0.8592503280258165
0.8726956891661939
0.887504342172066
0.896568418434424
0.8822057468820862
0.8766819917262395
0.8763630887524694
0.8833089571422241
0.9153171509567684
0.8854835277846731
0.8798618185039195
0.8754507357957313
0.8723326985251783
0.8867138692211579
0.88000744469654
0.8734359320468532
0.8784653289846851
0.8816204622802041
0.8808905741953202
0.8769697506532619
0.9088791071984349
0.8883045185073595
0.8728021613003234
0.8835388321995464
0.8646723646723647
0.8936755392178574
0.8742690058479532
0.8708895596590908
