0.8581876655651142
0.8686832897825412
0.8577162334137247
0.8812511091393076
0.8831509358109617
0.8832915452153344
0.8773550644404092
0.8638161629062011
0.8436556091943842
0.8921065461153216
0.8720275066548359
0.8891457829510927
0.8655919216971522
0.8828224663359319
0.8530669079040728
0.8933413078149919
0.8945607808340728
0.8837785380034032
0.8711910498529568
0.6549982244318182
0.8745515426931356
0.887545998669918
0.8895887037479958
0.8871569470167573
0.8813061644503978
0.8591928568897707
0.8769186433163378
0.8982053545160342
0.892530487804878
0.8585819209540095
0.8897587417247967
0.8823586744639377
0.8666424418604651
0.8833154244407542
0.8802572370052792
0.8956950855401299
0.8625156151713018
0.8992522437118481
0.8908377403952625
0.8473891669250189
0.8949819071945508
0.8849970320099938
0.8542730949340144
0.8740300464160438
0.8913341955142968
0.8696276086879496
0.8962820956590426
0.8852138351947626
0.8886014952343831
0.8854710244438342
0.8938497431848625
0.8613575865128659
0.8948539886039885
0.8866518383297739
0.8710626775568182
0.9031100478468901
0.8826979472140762
0.6710559006211181
0.8981477374542035
0.8885699096225412
0.8830894928531552
0.854930783502212
0.8786537386784001
0.8625938596880971
0.8862851220635652
0.8632650155294704
0.8617882578039189
0.8567682726974761
0.8677956478926965
0.8563178655320658
0.883124939076803
0.880585236089559
0.8571669208127948
0.8586128048780488
0.8715429630091477
0.8824396830472943
0.8872014951814059
0.8862579393552844
0.8691169045151346
0.8823915259495634
0.8747342310418144
0.8175688854214689
0.8776473714513486
0.8875751964632189
0.8744674254838567
0.8595975081304774
0.8756203913783323
0.9012761196018011
0.857815158820193
0.8762939591605219
0.8601678021812513
0.9024536073342486
0.8811702458761281
0.8762660948009251
0.8715177820098321
0.8790346867913833
0.8731347934472935
0.8821161256034368
0.8586567428672691
0.880233487215909
