0.8934358692666848
0.863745072855308
0.8939813290378847
0.8772005323868678
0.8972260687005851
0.8899451586324212
0.8960804287169493
0.866463566056478
0.8686301430532796
0.8726499135753224
0.878198757763975
0.887196931444719
0.8757473758802427
0.886237597448618
0.8704679296154392
0.8728070175438597
0.8845607808340727
0.87569572461713
0.8750088580235978
0.9157581676136365
0.8610468875955601
0.9002438483706495
0.8829360333785112
0.8900856912456689
0.8717166251208673
0.8920738404847111
0.8826956328973621
0.8739112216605598
0.9120506593874078
0.8689876053193468
0.8764828719953792
0.8856547935495304
0.8736705899035735
0.8914010674292006
0.8942174821953726
0.8948799957473575
0.877674513382534
0.8948578465682062
0.8918475998122016
0.8702422605075513
0.9005782602525897
0.873962310956756
0.8562154108131119
0.8814264961201858
0.8677851397796122
0.8872107855295326
0.8847618286870622
0.8676093571194124
0.9132578039187896
0.8969000008859671
0.8739255014326648
0.8743389529724933
0.9036280270655271
0.8580334435120118
0.854696377840909
0.8937533227006911
0.8701792311576932
0.8724844720496895
0.8906295741038084
0.893017898281056
0.8929169583595488
0.8573034108748395
0.8880924711914625
0.9007864220020438
0.9206941147291217
0.8515845399450016
0.8852000141728377
0.8801633491898979
0.882867458550303
0.887842928688561
0.8782953911047702
0.8765417867435159
0.8740070569878364
0.8788287010777085
0.8716053121465026
0.8636561489535586
0.8797698767006803
0.8731829174307051
0.8861560675719968
0.887000842086602
0.8876506024096386
0.8872300436185682
0.8543779618229329
0.8888731383614923
0.8924398777625226
0.8843123875690093
0.8856175553034601
0.8769792286447555
0.8740339619965967
0.8896944129325013
0.8713752868318699
0.8681916825368705
0.8867369169890178
0.8904312919262363
0.9221134682669737
0.8802216198979592
0.8405982905982905
0.8794897913990877
0.8728557504873294
0.8764115767045453
