0.869722958067174
0.8834757960937154
0.894101471072468
0.8600000000000001
0.8913476571224371
0.8726245005360103
0.894725187120776
0.8590801050092238
0.8905620266619425
0.8680405974382841
0.8748979591836733
0.8602186257053512
0.8811196244297799
0.7260807937632885
0.872782744430254
0.8737240829346093
0.8812023070097604
0.9033031409529213
0.8836675760904227
0.9260830965909091
0.8677881421244252
0.9021857681223677
0.9068094643315882
0.8843123875690093
0.8957259574015098
0.8974595188321581
0.9001906450897805
0.9421755061649149
0.9185692002268859
0.8863038335799276
0.8428577775803083
0.8888800283537125
0.889924844015882
0.8792970241636842
0.8789462495128088
0.8712866901152644
0.8759158685579113
0.8766999494998714
0.8981813672079157
0.8594711900438461
0.9054030083723571
0.9055913387849847
0.8938156307648645
0.8865907238776883
0.8872506466357225
0.8916043652340289
0.9036575516326295
0.8868150487460856
0.8933803989653828
0.9030308936750805
0.8438262350634719
0.8640550133096716
0.897480413105413
0.8915877249727506
0.8742720170454545
0.895583023214602
0.8893604203028235
0.8900310559006211
0.8890771509931072
0.8973063973063974
0.8958678564782403
0.867177465391751
0.9161247970761219
0.8844803838805704
0.9068224497750063
0.8344264775245401
0.8883446125500478
0.8615916801757509
0.8992521756101022
0.866383016442849
0.8843611261265254
0.9030946575038794
0.8396131068477605
0.8735287861599547
0.8639274612321971
0.8970481114309065
0.9079949688208617
0.8804291016680398
0.899084925633598
0.8373088685015289
0.8908575478384124
0.8807404517890705
0.8822091323796447
0.8877036617022973
0.9046857699632402
0.9020266378370715
0.8849395561542824
0.8538279147832728
0.8757356069200226
0.8907845292115713
0.8642299616376217
0.8779706807210239
0.9006269174336401
0.8985351848077486
0.898817485273927
0.8678562570861679
0.8842325498575498
0.9095974135258427
0.8979975190501506
0.8811700994318181
