0.6483773511353669
0.6879046901988572
0.6539197451208985
0.7599290150842947
0.7644347165765846
0.79201920776816
0.8299481819389699
0.6784358592308783
0.6447318304619336
0.6534148827726809
0.7174090505767523
0.8014740404120935
0.6914123743301298
0.7756998582565557
0.7580796792961544
0.6250088605351762
0.8007009760425909
0.6643859897901305
0.6695780037558021
0.8208362926136363
0.8049642562916899
0.7940323653291954
0.8378024041740856
0.7788687337722757
0.6866766613145031
0.7770435460440066
0.6575836843272003
0.7955102659427461
0.8084851815087919
0.6947665919501023
0.7689252232638735
0.7939836966152757
0.7796015314804311
0.7259673022103421
0.6768770152003685
0.8015344951316105
0.7542858661657998
0.7998954558744054
0.6293461603196117
0.7059657203596261
0.7580264651624804
0.7046805645382782
0.7902476231020292
0.8082149310845764
0.7049658080289125
0.7010948517166851
0.6854558848328319
0.7879123901106212
0.7905786061014066
0.819519628602564
0.7136267265162737
0.7801064773735582
0.6729611823361823
0.6965803255735641
0.7889648437500001
0.6666223639907851
0.6788989200060245
0.6745075421472937
0.7786333354032308
0.7253765727449937
0.6717236612404406
0.7375749250749252
0.6464378542851313
0.7750033322966189
0.7134695106827764
0.7428515489423051
0.7639513871664955
0.8037506533081754
0.7710575106230095
0.7783184860169303
0.6817638040887218
0.7875681667036134
0.665143267491755
0.8061542824730572
0.7545670743112647
0.7718882137654123
0.7279620181405896
0.7032784997386767
0.6817791242570004
0.7962504986039091
0.8109231041814315
0.7173569984751232
0.7836130918109747
0.778127242604389
0.6960272819876878
0.7528689287265057
0.6568792541123085
0.6794515438649462
0.628660309132161
0.704826644923426
0.6509333664094409
0.6855839496877629
0.7080698946245165
0.7715402270330625
0.763966517560565
0.8047937925170069
0.6860576923076923
0.6979759953939502
0.6188286372496898
0.7901278409090909
