0.5383490887827698
0.5771911953585189
0.5517367198554737
0.6022182786157941
0.5453343458257024
0.5862090350931594
0.5624252624119758
0.5667659997161913
0.5355507329819744
0.6004609316137038
0.620354924578527
0.5911486707946885
0.5527215554276097
0.5645818568391212
0.5456045125585356
0.6051745525429736
0.5804702750665484
0.5513595433919456
0.5527849626191405
0.5721812855113636
0.5504974000549222
0.5406650410108623
0.5631295011825985
0.5674807482697812
0.5282940200661776
0.5630425539453636
0.5809975615162934
0.5491410129538992
0.6065344937606353
0.6255016789077797
0.5379481938952326
0.5797270955165692
0.5907322390811117
0.621035992433863
0.5842708074974312
0.559479405693225
0.5707178991946559
0.5558690894915435
0.5793049686854996
0.6155454183090483
0.5866858237547893
0.5355405728663696
0.5833244643110543
0.5907504517592035
0.5792173050349007
0.5442325408354888
0.5263111182114297
0.5769647023339574
0.5445558586968077
0.571608296196543
0.5703469443877688
0.5861401952085182
0.5829059829059828
0.5733205136157806
0.5623979048295455
0.5374933545986178
0.6201770162397782
0.581131322094055
0.5633832178626239
0.5396553251816409
0.5784823699345131
0.5748447980590837
0.5752171174607681
0.578117918869685
0.5696240654785104
0.5949923020103767
0.619370726003614
0.6011276763489153
0.5455480940679696
0.5647475956211496
0.5853057679867432
0.6228862779871425
0.5739121954679245
0.5763391591038003
0.5851689216271343
0.5891518317165902
0.6518521471088436
0.5615482739376545
0.5401020489516064
0.5562779772193415
0.5386871013465626
0.593691265647718
0.48959652774702156
0.5839143801330722
0.5565259754639267
0.5671395783671698
0.6007870107770845
0.5676334508511904
0.5338290555870675
0.5632621951219512
0.553897812547067
0.5872447849771912
0.5893557422969188
0.5980841316118284
0.5398379024757518
0.5609720450680272
0.5674590455840456
0.533167987953408
0.568669147616516
0.61845703125
